[gd_scene load_steps=18 format=2]

[ext_resource path="res://resources/transparent.png" type="Texture" id=1]
[ext_resource path="res://resources/texture2.png" type="Texture" id=2]
[ext_resource path="res://resources/texture1.png" type="Texture" id=3]
[ext_resource path="res://Dissolve/3D Dissolve.gd" type="Script" id=4]
[ext_resource path="res://resources/suzanne.obj" type="ArrayMesh" id=5]
[ext_resource path="res://resources/noise.tres" type="OpenSimplexNoise" id=6]
[ext_resource path="res://Dissolve/3D Dissolve.shader" type="Shader" id=7]

[sub_resource type="NoiseTexture" id=1]
noise = ExtResource( 6 )

[sub_resource type="ShaderMaterial" id=2]
shader = ExtResource( 7 )
shader_param/offset = Vector3( 2, 4, 0 )
shader_param/borderColor = Color( 0.956863, 0.964706, 0.0313726, 1 )
shader_param/borderHeight = 0.05
shader_param/waveAmplitude = 0.05
shader_param/waveFrequency = 1.0
shader_param/wavePhase = Vector3( 1, 1, 1 )
shader_param/emissionIntensity = 5.0
shader_param/noiseSpeed = 0.1
shader_param/noiseInfluence = 1.0
shader_param/blendUVScale = Vector2( 1, 1 )
shader_param/noiseUVScale = Vector2( 1, 1 )
shader_param/global_transform = Transform( 0.909766, 0, 0.415122, -0.0265285, 0.997956, 0.0581388, -0.414274, -0.0639053, 0.907906, -2.60753, 0, 0 )
shader_param/texture = ExtResource( 2 )
shader_param/blendTexture = ExtResource( 3 )
shader_param/noiseTexture = SubResource( 1 )

[sub_resource type="NoiseTexture" id=3]
noise = ExtResource( 6 )

[sub_resource type="ShaderMaterial" id=4]
shader = ExtResource( 7 )
shader_param/offset = -1.0
shader_param/borderColor = Color( 1, 1, 0, 1 )
shader_param/borderHeight = 0.02
shader_param/waveAmplitude = 0.05
shader_param/waveFrequency = 0.3
shader_param/wavePhase = 2.0
shader_param/emissionIntensity = 0.0
shader_param/noiseSpeed = 0.03
shader_param/noiseInfluence = 1.0
shader_param/blendUVScale = Vector2( 1, 1 )
shader_param/noiseUVScale = Vector2( 5, 5 )
shader_param/global_transform = null
shader_param/texture = ExtResource( 2 )
shader_param/blendTexture = ExtResource( 3 )
shader_param/noiseTexture = SubResource( 3 )

[sub_resource type="CubeMesh" id=5]
size = Vector3( 3, 3, 3 )

[sub_resource type="ShaderMaterial" id=6]
shader = ExtResource( 7 )
shader_param/offset = -1.12846
shader_param/borderColor = Color( 0.956863, 0.964706, 0.0313726, 1 )
shader_param/borderHeight = 0.05
shader_param/waveAmplitude = 0.1
shader_param/waveFrequency = 1.0
shader_param/wavePhase = 6.0
shader_param/emissionIntensity = 5.0
shader_param/noiseSpeed = 0.1
shader_param/noiseInfluence = 1.0
shader_param/blendUVScale = Vector2( 1, 1 )
shader_param/noiseUVScale = Vector2( 1, 1 )
shader_param/global_transform = Transform( 1, 0, 0, 0, 1, 0, 0, 0, 1, 0, 0, 0 )
shader_param/texture = ExtResource( 2 )
shader_param/blendTexture = ExtResource( 1 )
shader_param/noiseTexture = SubResource( 1 )

[sub_resource type="ProceduralSky" id=7]

[sub_resource type="Environment" id=8]
background_mode = 3
background_sky = SubResource( 7 )
background_color = Color( 0.533333, 0.52549, 0.52549, 1 )
fog_enabled = true
ssao_enabled = true
glow_enabled = true

[sub_resource type="SpatialMaterial" id=9]
albedo_color = Color( 0.580392, 0.592157, 0.603922, 1 )

[sub_resource type="PlaneMesh" id=10]
size = Vector2( 400, 400 )

[node name="Spatial" type="Spatial"]
script = ExtResource( 4 )
speed = 4.0
from = -3.0
to = 4.0

[node name="Suzanne" type="MeshInstance" parent="."]
transform = Transform( 0.909766, 0, 0.415122, -0.0265285, 0.997956, 0.0581388, -0.414274, -0.0639053, 0.907906, -2.60753, 0, 0 )
mesh = ExtResource( 5 )
material/0 = SubResource( 2 )

[node name="MeshInstance3" type="MeshInstance" parent="."]
visible = false
mesh = ExtResource( 5 )
material/0 = SubResource( 4 )

[node name="Box" type="MeshInstance" parent="."]
transform = Transform( 0.696087, 0.717956, 0, -0.717956, 0.696088, 0, 0, 0, 1, 2.4163, 0.0329626, 0.515798 )
mesh = SubResource( 5 )
material/0 = SubResource( 6 )

[node name="DirectionalLight" type="DirectionalLight" parent="."]
transform = Transform( 1, 0, 0, 0, 0.821189, 0.570656, 0, -0.570656, 0.821189, 0, 21.5684, 30.6121 )
light_energy = 2.0
shadow_enabled = true
directional_shadow_mode = 0

[node name="Camera" type="Camera" parent="."]
transform = Transform( 1, 0, 0, 0, 0.933612, 0.358287, 0, -0.358287, 0.933612, 0, 2.00201, 5.97894 )
environment = SubResource( 8 )
far = 167.2

[node name="Plane" type="MeshInstance" parent="."]
transform = Transform( 1, 0, 0, 0, 0.935869, -0.352348, 0, 0.352348, 0.935869, 0, -13.2698, -12.6181 )
material_override = SubResource( 9 )
mesh = SubResource( 10 )
material/0 = null
