[gd_scene load_steps=15 format=2]

[ext_resource path="res://resources/texture2.png" type="Texture" id=1]
[ext_resource path="res://resources/texture1.png" type="Texture" id=2]
[ext_resource path="res://resources/transparent.png" type="Texture" id=3]
[ext_resource path="res://Dissolve/3D Vertical Dissolve.gd" type="Script" id=4]
[ext_resource path="res://resources/suzanne.obj" type="ArrayMesh" id=5]
[ext_resource path="res://resources/noise.tres" type="OpenSimplexNoise" id=6]
[ext_resource path="res://Dissolve/3D Vertical Dissolve.shader" type="Shader" id=7]

[sub_resource type="NoiseTexture" id=1]
noise = ExtResource( 6 )

[sub_resource type="ShaderMaterial" id=2]
shader = ExtResource( 7 )
shader_param/offset = -2.08988
shader_param/up = false
shader_param/borderColor = Color( 1, 1, 0, 1 )
shader_param/borderHeight = 0.05
shader_param/waveAmplitude = 0.05
shader_param/waveFrequency = 1.0
shader_param/wavePhase = 6.0
shader_param/emissionIntensity = 1.0
shader_param/noiseSpeed = 0.05
shader_param/noiseInfluence = 1.0
shader_param/blendUVScale = Vector2( 1, 1 )
shader_param/noiseUVScale = Vector2( 1, 1 )
shader_param/textureUVScale = Vector2( 1, 1 )
shader_param/global_transform = Transform( 0.924668, 0.0466011, -0.377911, -0.0265333, 0.997956, 0.058139, 0.379848, -0.0437321, 0.924014, 1.46714, 0, -0.0491964 )
shader_param/texture = ExtResource( 2 )
shader_param/blendTexture = ExtResource( 1 )
shader_param/noiseTexture = SubResource( 1 )

[sub_resource type="ShaderMaterial" id=3]
shader = ExtResource( 7 )
shader_param/offset = -2.08988
shader_param/up = false
shader_param/borderColor = Color( 1, 1, 0, 1 )
shader_param/borderHeight = 0.05
shader_param/waveAmplitude = 0.05
shader_param/waveFrequency = 1.0
shader_param/wavePhase = 6.0
shader_param/emissionIntensity = 1.0
shader_param/noiseSpeed = 0.05
shader_param/noiseInfluence = 0.5
shader_param/blendUVScale = Vector2( 1, 1 )
shader_param/noiseUVScale = Vector2( 1, 1 )
shader_param/textureUVScale = Vector2( 1, 1 )
shader_param/global_transform = Transform( 0.94034, 0.00518214, 0.340197, -0.0265333, 0.997956, 0.058139, -0.3392, -0.063697, 0.938555, -5.82008, 0, -0.147589 )
shader_param/texture = ExtResource( 2 )
shader_param/blendTexture = ExtResource( 3 )
shader_param/noiseTexture = SubResource( 1 )

[sub_resource type="ProceduralSky" id=4]

[sub_resource type="Environment" id=5]
background_mode = 3
background_sky = SubResource( 4 )
background_color = Color( 0.533333, 0.52549, 0.52549, 1 )
fog_enabled = true
ssao_enabled = true
glow_enabled = true

[sub_resource type="SpatialMaterial" id=6]
albedo_color = Color( 0.580392, 0.592157, 0.603922, 1 )

[sub_resource type="PlaneMesh" id=7]
size = Vector2( 400, 400 )

[node name="3DVerticalDissolve" type="Spatial"]
script = ExtResource( 4 )
testShader = true
speed = 2.0
from = 2.0
to = 3.0

[node name="Suzanne1" type="MeshInstance" parent="."]
transform = Transform( 0.924668, 0.0466012, -0.377911, -0.0265333, 0.997956, 0.058139, 0.379848, -0.0437321, 0.924014, 1.46714, 0, -0.0491964 )
visible = false
mesh = ExtResource( 5 )
material/0 = SubResource( 2 )

[node name="Suzanne2" type="MeshInstance" parent="."]
transform = Transform( 1, 0, 0, 0, 0.973984, -0.226617, 0, 0.226617, 0.973984, 0, 0, -0.148 )
mesh = ExtResource( 5 )
material/0 = SubResource( 3 )

[node name="DirectionalLight" type="DirectionalLight" parent="."]
transform = Transform( 1, 0, 0, 0, 0.821189, 0.570656, 0, -0.570656, 0.821189, 0, 21.5684, 30.6121 )
light_energy = 2.0
shadow_enabled = true
directional_shadow_mode = 0

[node name="Camera" type="Camera" parent="."]
transform = Transform( 1, 0, 0, 0, 0.933612, 0.358287, 0, -0.358287, 0.933612, 0, 2.002, 5.979 )
environment = SubResource( 5 )
far = 167.2

[node name="Plane" type="MeshInstance" parent="."]
transform = Transform( 1, 0, 0, 0, 0.935869, -0.352348, 0, 0.352348, 0.935869, 0, -13.2698, -12.6181 )
material_override = SubResource( 6 )
mesh = SubResource( 7 )
material/0 = null
